1000
-406
195
173
222
-20
449
57
-379
223
-249
78
226
6
2
249
213
-455
438
353
-441
279
300
260
266
186
117
101
159
339
378
378
-491
-222
218
50
-365
303
-441
380
266
-313
-331
-174
-254
-50
-328
125
-9
-413
-223
-334
-376
-431
116
449
-35
233
33
-234
-22
-195
-267
-448
228
-136
29
399
-66
25
87
324
-288
-218
-188
-136
-403
-260
-242
38
472
181
-446
228
35
499
-231
28
19
464
-159
26
-125
272
-285
-466
-453
438
-79
-23
484
51
46
68
-109
-482
49
-221
200
-395
104
345
403
369
-251
-139
2
-392
-169
-373
-312
411
456
-163
469
-216
-114
-97
350
-54
-167
-133
321
100
328
-383
88
-299
-160
256
63
212
-255
-430
-485
-155
-73
-215
217
436
130
55
-151
-42
290
76
-395
312
92
473
41
207
-367
417
-463
-58
-143
55
-207
-139
235
-383
-75
230
-369
-4
-130
-52
-437
458
-242
108
-234
439
-144
-299
-76
-454
295
92
-209
-58
417
-184
294
215
-441
429
-11
353
-364
404
280
52
79
119
-19
309
-465
329
-483
-202
-445
492
399
438
-477
37
162
283
398
386
-460
-21
-143
475
307
-183
-16
358
-217
-347
-92
-460
227
-251
-71
386
446
399
-261
50
26
113
-259
-17
-272
-313
181
120
278
219
343
275
-353
-493
124
307
-483
-60
7
-244
285
77
37
155
39
-290
-34
-149
320
55
20
-366
-106
469
279
458
-33
-17
-270
371
470
-281
342
317
-84
-157
-328
164
-217
-429
-294
-412
-327
390
83
-244
416
189
395
191
21
-295
136
-443
315
248
286
-336
78
-318
438
-78
382
306
350
-436
-138
-272
-95
49
-51
-45
-438
306
-279
299
-6
338
-245
-147
-124
137
-254
-384
-39
-65
-25
421
-306
-34
11
251
302
241
-111
-384
-236
379
131
276
1
-64
52
-26
198
-183
-289
-342
-465
3
35
-301
-308
-42
-196
-254
-75
-485
350
-208
434
-177
64
-16
-492
69
203
-347
380
-297
-378
-61
405
220
351
226
-248
-475
-112
-451
-84
-350
-412
-135
-328
242
-355
-423
-393
-297
-125
-50
79
-448
-246
211
238
104
49
102
457
387
114
387
58
-359
-85
27
61
-141
-208
-375
-433
-221
387
253
-284
-40
290
-222
-132
-114
-438
-342
408
-164
13
-79
-209
-105
-306
406
-320
276
69
278
-245
-45
251
-485
376
39
-61
34
-325
-446
-325
-126
19
-163
150
440
-210
-92
0
-336
-493
392
-243
46
-5
71
110
-150
-244
-162
-487
481
252
-170
-452
-488
454
276
-371
-404
204
434
-231
61
74
348
247
-271
450
-267
-16
300
-286
-376
198
-203
478
-302
-10
404
451
-236
403
16
-319
-26
441
133
-277
-489
-142
162
111
129
88
-183
140
322
416
-369
-203
13
-465
91
401
-162
356
-253
92
-347
185
-70
-114
10
-168
-393
230
-401
-498
382
115
339
-346
41
86
-54
-179
266
71
-422
-331
-401
-478
-264
8
376
438
49
19
-412
386
-363
-180
495
-292
453
242
385
-273
469
200
-144
329
69
-243
85
-89
169
59
-348
85
-184
433
405
-419
242
-281
255
-358
-21
366
284
-421
-340
490
-8
-81
41
-338
427
-159
-124
-310
310
-479
264
242
-398
-132
-350
326
28
-398
-326
114
-468
2
-440
-407
477
-180
472
-421
383
50
144
-472
-424
-68
-87
479
-263
367
256
-384
-196
73
289
323
340
-357
-95
171
197
195
66
-286
26
453
460
393
349
-50
294
-244
128
109
-477
-167
347
295
-447
-413
-401
-291
-322
-145
191
-93
-293
146
-466
-1
186
93
-245
-332
420
134
449
43
187
148
-333
-267
382
-9
493
-209
-53
9
317
-133
-274
-171
192
335
80
-253
345
116
-445
-116
-379
-484
409
408
218
369
-99
-358
262
-178
257
157
-109
109
446
-474
-48
237
74
293
-493
196
444
0
466
17
-373
-154
-15
487
468
246
181
-353
355
-127
-289
93
336
-150
292
396
-126
-327
282
-223
474
-410
-227
-367
-402
-440
-320
-472
198
266
31
159
51
54
-16
-183
-133
146
-454
-118
-334
116
389
-355
-382
-318
273
304
-285
90
-421
286
-235
-149
-190
313
234
295
-144
-343
97
-227
-92
-90
37
151
-124
-58
-484
453
359
243
-61
-285
72
-140
-81
142
-161
-82
198
351
-6
231
348
-343
-143
487
-159
-67
223
236
-144
-17
348
192
-277
-68
-209
-207
-382
371
-455
117
442
-315
-91
-121
322
-390
-365
338
256
89
156
265
154
140
-409
305
73
350
418
108
-304
-102
-491
99
-398
-359
400
287
161
231
244
-412
387
115
7
-230
327
457
361
113
-58
-130
196
-24
-124
456
352
250
-499
7
444
-498
-316
11
441
442
-353
-461
-120
-228
278
239
-436
4
131
-125
338
272
-229
137
-131
181
-62
58
-98
408
453
-352
152
-417
-79
11
-463
-98
-495
94
-307
497
12
-307
133
-285
-387
-210
-124
329
-188
-455
-38
134
-198
477
314
-4
-87
-344
126
324
-334
-166
-46
-486
-327
487
150
128
-494
407
229
189
-265
388
-454
9
-295
207
-222
-208
-205
31
-364
160
199
-32
413
-7
-224
68
-23
1
-178
416
52
-208
304
86
-418
-257
468
162
-44
-56
-294
107
235
345
327
72
-312
427
