-499
-498
-498
-495
-494
-493
-493
-493
-492
-491
-491
-489
-488
-487
-486
-485
-485
-485
-484
-484
-483
-483
-482
-479
-478
-477
-477
-475
-474
-472
-472
-468
-466
-466
-465
-465
-465
-463
-463
-461
-460
-460
-455
-455
-455
-454
-454
-454
-453
-452
-451
-448
-448
-447
-446
-446
-445
-445
-443
-441
-441
-441
-440
-440
-438
-438
-437
-436
-436
-433
-431
-430
-429
-424
-423
-422
-421
-421
-421
-419
-418
-417
-413
-413
-412
-412
-412
-412
-410
-409
-407
-406
-404
-403
-402
-401
-401
-401
-398
-398
-398
-395
-395
-393
-393
-392
-390
-387
-384
-384
-384
-383
-383
-382
-382
-379
-379
-378
-376
-376
-375
-373
-373
-371
-369
-369
-367
-367
-366
-365
-365
-364
-364
-363
-359
-359
-358
-358
-357
-355
-355
-353
-353
-353
-352
-350
-350
-348
-347
-347
-347
-346
-344
-343
-343
-342
-342
-340
-338
-336
-336
-334
-334
-334
-333
-332
-331
-331
-328
-328
-328
-327
-327
-327
-326
-325
-325
-322
-320
-320
-319
-318
-318
-316
-315
-313
-313
-312
-312
-310
-308
-307
-307
-306
-306
-304
-302
-301
-299
-299
-297
-297
-295
-295
-294
-294
-293
-292
-291
-290
-289
-289
-288
-286
-286
-285
-285
-285
-285
-284
-281
-281
-279
-277
-277
-274
-273
-272
-272
-271
-270
-267
-267
-267
-265
-264
-263
-261
-260
-259
-257
-255
-254
-254
-254
-253
-253
-251
-251
-249
-248
-246
-245
-245
-245
-244
-244
-244
-244
-243
-243
-242
-242
-236
-236
-235
-234
-234
-231
-231
-230
-229
-228
-227
-227
-224
-223
-223
-222
-222
-222
-221
-221
-218
-217
-217
-216
-215
-210
-210
-209
-209
-209
-209
-208
-208
-208
-208
-207
-207
-205
-203
-203
-202
-198
-196
-196
-195
-190
-188
-188
-184
-184
-183
-183
-183
-183
-180
-180
-179
-178
-178
-177
-174
-171
-170
-169
-168
-167
-167
-166
-164
-163
-163
-162
-162
-161
-160
-159
-159
-159
-157
-155
-154
-151
-150
-150
-149
-149
-147
-145
-144
-144
-144
-144
-143
-143
-143
-142
-141
-140
-139
-139
-138
-136
-136
-135
-133
-133
-133
-132
-132
-131
-130
-130
-127
-126
-126
-125
-125
-125
-124
-124
-124
-124
-124
-121
-120
-118
-116
-114
-114
-114
-112
-111
-109
-109
-106
-105
-102
-99
-98
-98
-97
-95
-95
-93
-92
-92
-92
-91
-90
-89
-87
-87
-85
-84
-84
-82
-81
-81
-79
-79
-79
-78
-76
-75
-75
-73
-71
-70
-68
-68
-67
-66
-65
-64
-62
-61
-61
-61
-60
-58
-58
-58
-58
-56
-54
-54
-53
-52
-51
-50
-50
-50
-48
-46
-45
-45
-44
-42
-42
-40
-39
-38
-35
-34
-34
-33
-32
-26
-26
-25
-24
-23
-23
-22
-21
-21
-20
-19
-17
-17
-17
-16
-16
-16
-16
-15
-11
-10
-9
-9
-8
-7
-6
-6
-5
-4
-4
-1
0
0
1
1
2
2
2
3
4
6
7
7
7
8
9
9
10
11
11
11
12
13
13
16
17
19
19
19
20
21
25
26
26
26
27
28
28
29
31
31
33
34
35
35
37
37
37
38
39
39
41
41
41
43
46
46
49
49
49
49
50
50
50
51
51
52
52
52
54
55
55
55
57
58
58
59
61
61
63
64
66
68
68
69
69
69
71
71
72
72
73
73
74
74
76
77
78
78
79
79
80
83
85
85
86
86
87
88
88
89
90
91
92
92
92
93
93
94
97
99
100
101
102
104
104
107
108
108
109
109
110
111
113
113
114
114
115
115
116
116
116
117
117
119
120
124
125
126
128
128
129
130
131
131
133
133
134
134
136
137
137
140
140
142
144
146
146
148
150
150
151
152
154
155
156
157
159
159
160
161
162
162
162
164
169
171
173
181
181
181
181
185
186
186
187
189
189
191
191
192
192
195
195
196
196
197
198
198
198
198
199
200
200
203
204
207
207
211
212
213
215
217
218
218
219
220
222
223
223
226
226
227
228
228
229
230
230
231
231
233
234
235
235
236
237
238
239
241
242
242
242
242
243
244
246
247
248
249
250
251
251
252
253
255
256
256
256
257
260
262
264
265
266
266
266
266
272
272
273
275
276
276
276
278
278
278
279
279
280
282
283
284
285
286
286
287
289
290
290
292
293
294
294
295
295
295
299
300
300
302
303
304
304
305
306
306
307
307
309
310
312
313
314
315
317
317
320
321
322
322
323
324
324
326
327
327
328
329
329
329
335
336
338
338
338
339
339
340
342
343
345
345
345
347
348
348
348
349
350
350
350
350
351
351
352
353
353
355
356
358
359
361
366
367
369
369
371
371
376
376
378
378
379
380
380
382
382
382
383
385
386
386
386
387
387
387
387
388
389
390
392
393
395
396
398
399
399
399
400
401
403
403
404
404
405
405
406
407
408
408
408
409
411
413
416
416
416
417
417
418
420
421
427
427
429
433
434
434
436
438
438
438
438
438
439
440
441
441
442
442
444
444
446
446
449
449
449
450
451
453
453
453
453
454
456
456
457
457
458
458
460
464
466
468
468
469
469
469
470
472
472
473
474
475
477
477
478
479
481
484
487
487
487
490
492
493
495
497
499
