-406
195
173
222
-20
449
57
-379
223
-249
78
226
6
2
249
213
-455
438
353
-441
279
300
260
266
186
117
101
159
339
378
-491
-222
218
50
-365
303
380
-313
-331
-174
-254
-50
-328
125
-9
-413
-223
-334
-376
-431
116
-35
233
33
-234
-22
-195
-267
-448
228
-136
29
399
-66
25
87
324
-288
-218
-188
-403
-260
-242
38
472
181
-446
35
499
-231
28
19
464
-159
26
-125
272
-285
-466
-453
-79
-23
484
51
46
68
-109
-482
49
-221
200
-395
104
345
403
369
-251
-139
-392
-169
-373
-312
411
456
-163
469
-216
-114
-97
350
-54
-167
-133
321
100
328
-383
88
-299
-160
256
63
212
-255
-430
-485
-155
-73
-215
217
436
130
55
-151
-42
290
76
312
92
473
41
207
-367
417
-463
-58
-143
-207
235
-75
230
-369
-4
-130
-52
-437
458
108
439
-144
-76
-454
295
-209
-184
294
215
429
-11
-364
404
280
52
79
119
-19
309
-465
329
-483
-202
-445
492
-477
37
162
283
398
386
-460
-21
475
307
-183
-16
358
-217
-347
-92
227
-71
446
-261
113
-259
-17
-272
120
278
219
343
275
-353
-493
124
-60
7
-244
285
77
155
39
-290
-34
-149
320
20
-366
-106
-33
-270
371
470
-281
342
317
-84
-157
164
-429
-294
-412
-327
390
83
416
189
395
191
21
-295
136
-443
315
248
286
-336
-318
-78
382
306
-436
-138
-95
-51
-45
-438
-279
299
-6
338
-245
-147
-124
137
-384
-39
-65
-25
421
-306
11
251
302
241
-111
-236
379
131
276
1
-64
-26
198
-289
-342
3
-301
-308
-196
-208
434
-177
64
-492
69
203
-297
-378
-61
405
220
351
-248
-475
-112
-451
-350
-135
242
-355
-423
-393
-246
211
238
102
457
387
114
58
-359
-85
27
61
-141
-375
-433
253
-284
-40
-132
408
-164
13
-105
406
-320
376
34
-325
-126
150
440
-210
0
392
-243
-5
71
110
-150
-162
-487
481
252
-170
-452
-488
454
-371
-404
204
74
348
247
-271
450
-286
-203
478
-302
-10
451
16
-319
441
133
-277
-489
-142
111
129
140
322
91
401
356
-253
185
-70
10
-168
-401
-498
115
-346
86
-179
-422
-478
-264
8
-363
-180
495
-292
453
385
-273
85
-89
169
59
-348
433
-419
255
-358
366
284
-421
-340
490
-8
-81
-338
427
-310
310
-479
264
-398
326
-326
-468
-440
-407
477
383
144
-472
-424
-68
-87
479
-263
367
73
289
323
340
-357
171
197
66
460
393
349
128
109
347
-447
-291
-322
-145
-93
-293
146
-1
93
-332
420
134
43
187
148
-333
493
-53
9
-274
-171
192
335
80
-116
-484
409
-99
262
-178
257
157
-474
-48
237
293
196
444
466
17
-154
-15
487
468
246
355
-127
336
292
396
282
474
-410
-227
-402
31
54
-118
389
-382
273
304
90
-235
-190
313
234
-343
97
-90
151
359
243
72
-140
142
-161
-82
231
-67
236
442
-315
-91
-121
-390
89
156
265
154
-409
305
418
-304
-102
99
400
287
161
244
-230
327
361
-24
352
250
-499
-316
-461
-120
-228
239
4
-229
-131
-62
-98
-352
152
-417
-495
94
-307
497
12
-387
-38
-198
314
-344
126
-166
-46
-486
-494
407
229
-265
388
-205
160
199
-32
413
-7
-224
-418
-257
-44
-56
107
